17
20
23
25
28
31
33
36
39
41
44
47
49
51
53
55
57
59
62
63
67
69
71
73
76
78
79
82
83
86
88
90
92
94
95
97
99
101
103
105
107
108
110
111
113
115
115
118
119
120
121
123
124
126
127
127
130
131
134
135
137
139
141
143
143
145
147
149
151
152
153
155
156
158
159
159
161
163
165
167
167
169
171
172
172
174
175
176
177
179
179
180
182
183
183
184
185
187
187
188
188
189
190
191
191
192
193
195
195
196
198
199
199
199
199
200
201
201
203
201
200
199
198
198
196
196
195
195
194
193
193
192
192
192
192
192
192
192
190
190
188
188
187
186
185
184
184
184
184
183
182
182
181
180
180
179
179
179
179
179
178
177
177
177
177
176
176
176
176
176
176
176
176
176
176
176
176
176
175
175
174
174
173
172
172
172
172
172
172
171
171
171
171
170
170
169
169
169
169
169
169
169
168
168
168
168
168
168
168
168
168
168
168
168
168
168
168
168
168
168
168
168
168
168
168
168
168
168
168
167