108
110
111
113
115
115
118
119
120
122
123
124
126
127
129
131
134
135
137
139
140
143
143
145
147
148
151
152
153
155
156
158
159
159
161
163
164
167
167
169
171
172
172
174
175
176
177
179
179
181
182
183
184
185
185
187
188
188
189
190
191
191
192
193
195
195
196
198
199
199
199
199
200
201
201
203
201
200
199
199
198
196
196
195
195
194
193
193
193
192
192
192
192
192
192
190
190
188
188
187
186
185
184
184
184
184
183
183
182
181
180
180
180
179
179
179
179
178
178
177
177
177
177
176
176
176
176
176
176
176
176
176
176
176
176
175
175
174
174
173
172
172
172
172
172
172
171
171
171
171
171
170
169
169
169
169
169
169
169
168
168
168
168
168
168
168
168
168
168
168
168
168
168
168
168
168
168
168
168
168
168
168
168
168
168
168
168
168
168
167